2195  284155.000  -2267799.41121  5009331.07274  3220984.54950  1
2195  284156.000  -2267799.41164  5009331.07160  3220984.54583  1
2195  284157.000  -2267799.41186  5009331.07178  3220984.54635  1
2195  284158.000  -2267799.41148  5009331.07181  3220984.54795  1
2195  284159.000  -2267799.41186  5009331.07122  3220984.54606  1
2195  284160.000  -2267799.41057  5009331.07288  3220984.54776  1
2195  284161.000  -2267799.41056  5009331.07155  3220984.54744  1
2195  284162.000  -2267799.41099  5009331.07153  3220984.54741  1
2195  284163.000  -2267799.41071  5009331.07232  3220984.54807  1
2195  284164.000  -2267799.41092  5009331.07303  3220984.54939  1
2195  284165.000  -2267799.41062  5009331.07268  3220984.54796  1
2195  284166.000  -2267799.41003  5009331.07240  3220984.54992  1
2195  284167.000  -2267799.41078  5009331.07409  3220984.55067  1
2195  284168.000  -2267799.41120  5009331.07585  3220984.55369  1
2195  284169.000  -2267799.41199  5009331.07525  3220984.55363  1
2195  284170.000  -2267799.40998  5009331.07478  3220984.55234  1
2195  284171.000  -2267799.40997  5009331.07057  3220984.54760  1
2195  284172.000  -2267799.41022  5009331.07056  3220984.54525  1
2195  284173.000  -2267799.41048  5009331.07029  3220984.54495  1
2195  284174.000  -2267799.41037  5009331.07295  3220984.55001  1
2195  284175.000  -2267799.41069  5009331.07156  3220984.54787  1
2195  284176.000  -2267799.41086  5009331.07233  3220984.55055  1
2195  284177.000  -2267799.40993  5009331.07087  3220984.54601  1
2195  284178.000  -2267799.41075  5009331.07139  3220984.54780  1
2195  284179.000  -2267799.41126  5009331.07250  3220984.54930  1
2195  284180.000  -2267799.41172  5009331.07203  3220984.55020  1
2195  284181.000  -2267799.41090  5009331.07108  3220984.54603  1
2195  284182.000  -2267799.41147  5009331.07078  3220984.54582  1
2195  284183.000  -2267799.41088  5009331.07002  3220984.54549  1
2195  284184.000  -2267799.41044  5009331.07081  3220984.54674  1
2195  284185.000  -2267799.41102  5009331.07256  3220984.54776  1
2195  284186.000  -2267799.40998  5009331.07338  3220984.55077  1
2195  284187.000  -2267799.41071  5009331.07371  3220984.55060  1
2195  284188.000  -2267799.41086  5009331.07290  3220984.54980  1
2195  284189.000  -2267799.41089  5009331.07461  3220984.55022  1
2195  284190.000  -2267799.41081  5009331.07391  3220984.55146  1
2195  284191.000  -2267799.41152  5009331.07369  3220984.55016  1
2195  284192.000  -2267799.41072  5009331.06931  3220984.54312  1
2195  284193.000  -2267799.41114  5009331.07190  3220984.54644  1
2195  284194.000  -2267799.41120  5009331.07205  3220984.54743  1
2195  284195.000  -2267799.41019  5009331.07141  3220984.54793  1
2195  284196.000  -2267799.41121  5009331.07206  3220984.54651  1
2195  284197.000  -2267799.41037  5009331.07099  3220984.54680  1
2195  284198.000  -2267799.41034  5009331.07309  3220984.55019  1
2195  284199.000  -2267799.41155  5009331.07180  3220984.54782  1
2195  284200.000  -2267799.41062  5009331.07447  3220984.55050  1
2195  284201.000  -2267799.41096  5009331.07334  3220984.54774  1
2195  284202.000  -2267799.41107  5009331.07387  3220984.54937  1
2195  284203.000  -2267799.41034  5009331.07146  3220984.54822  1
2195  284204.000  -2267799.41011  5009331.07233  3220984.54807  1
2195  284205.000  -2267799.41006  5009331.07031  3220984.54760  1
2195  284206.000  -2267799.41022  5009331.07136  3220984.54769  1
2195  284207.000  -2267799.41050  5009331.07181  3220984.54786  1
2195  284210.000  -2267799.41177  5009331.07133  3220984.54649  1
2195  284211.000  -2267799.41207  5009331.07400  3220984.54937  1
2195  284212.000  -2267799.41246  5009331.07440  3220984.55177  1
2195  284213.000  -2267799.41119  5009331.07347  3220984.55023  1
2195  284214.000  -2267799.41089  5009331.07190  3220984.54853  1
2195  284215.000  -2267799.41093  5009331.07061  3220984.54690  1
2195  284216.000  -2267799.41080  5009331.07152  3220984.54862  1
2195  284217.000  -2267799.41049  5009331.07327  3220984.54845  1
2195  284218.000  -2267799.41044  5009331.07193  3220984.54787  1
2195  284221.000  -2267799.41120  5009331.07415  3220984.55081  1
2195  284226.000  -2267799.41062  5009331.07299  3220984.54791  1
2195  284227.000  -2267799.41054  5009331.07233  3220984.54724  1
2195  284228.000  -2267799.41024  5009331.07252  3220984.54675  1
2195  284229.000  -2267799.41076  5009331.07412  3220984.54983  1
2195  284230.000  -2267799.41046  5009331.07453  3220984.54918  1
2195  284231.000  -2267799.41091  5009331.07308  3220984.54923  1
2195  284232.000  -2267799.41033  5009331.07443  3220984.55052  1
2195  284233.000  -2267799.40994  5009331.07183  3220984.54801  1
2195  284234.000  -2267799.41005  5009331.07253  3220984.54922  1
2195  284235.000  -2267799.41025  5009331.07293  3220984.54889  1
2195  284238.000  -2267799.41083  5009331.07427  3220984.55040  1
2195  284239.000  -2267799.41079  5009331.07141  3220984.54679  1
2195  284240.000  -2267799.41122  5009331.07175  3220984.54865  1
2195  284241.000  -2267799.41142  5009331.07051  3220984.54471  1
2195  284242.000  -2267799.41043  5009331.07014  3220984.54456  1
2195  284243.000  -2267799.41027  5009331.07063  3220984.54570  1
2195  284244.000  -2267799.41110  5009331.07175  3220984.54598  1
2195  284245.000  -2267799.41044  5009331.07146  3220984.54692  1
2195  284246.000  -2267799.41119  5009331.07296  3220984.54680  1
2195  284247.000  -2267799.41090  5009331.07399  3220984.55092  1
2195  284248.000  -2267799.41102  5009331.07622  3220984.55533  1
2195  284249.000  -2267799.41023  5009331.07790  3220984.55597  1
2195  284250.000  -2267799.41129  5009331.07366  3220984.55211  1
2195  284251.000  -2267799.41083  5009331.07220  3220984.54976  1
2195  284252.000  -2267799.41127  5009331.07343  3220984.54903  1
2195  284253.000  -2267799.41123  5009331.07274  3220984.54853  1
2195  284254.000  -2267799.41080  5009331.07168  3220984.54859  1
2195  284255.000  -2267799.41078  5009331.07197  3220984.54886  1
2195  284256.000  -2267799.40992  5009331.07136  3220984.54847  1
2195  284257.000  -2267799.41022  5009331.07020  3220984.54547  1
2195  284258.000  -2267799.41082  5009331.07193  3220984.54767  1
2195  284259.000  -2267799.41031  5009331.07130  3220984.54608  1
2195  284260.000  -2267799.41047  5009331.07247  3220984.54857  1
2195  284261.000  -2267799.41035  5009331.07246  3220984.54754  1
2195  284262.000  -2267799.41023  5009331.07331  3220984.54889  1
2195  284263.000  -2267799.41107  5009331.07452  3220984.55104  1
2195  284264.000  -2267799.41074  5009331.07239  3220984.54907  1
2195  284265.000  -2267799.41111  5009331.07362  3220984.55094  1
2195  284266.000  -2267799.41032  5009331.07275  3220984.54798  1
2195  284267.000  -2267799.41091  5009331.07425  3220984.55059  1
2195  284268.000  -2267799.41070  5009331.07282  3220984.54777  1
2195  284269.000  -2267799.41045  5009331.07244  3220984.54732  1
2195  284270.000  -2267799.41089  5009331.07194  3220984.54783  1
2195  284271.000  -2267799.41071  5009331.07346  3220984.54998  1
2195  284272.000  -2267799.41075  5009331.07280  3220984.54792  1
2195  284273.000  -2267799.41050  5009331.06969  3220984.54368  1
2195  284274.000  -2267799.41077  5009331.06975  3220984.54308  1
2195  284275.000  -2267799.41046  5009331.07133  3220984.54648  1
2195  284276.000  -2267799.41070  5009331.07193  3220984.54621  1
2195  284277.000  -2267799.41071  5009331.07101  3220984.54730  1
2195  284281.000  -2267799.41125  5009331.06953  3220984.54475  1
2195  284282.000  -2267799.41049  5009331.07151  3220984.54671  1
2195  284283.000  -2267799.41052  5009331.07108  3220984.54657  1
2195  284284.000  -2267799.41095  5009331.07064  3220984.54644  1
2195  284285.000  -2267799.41044  5009331.07232  3220984.54801  1
2195  284286.000  -2267799.40974  5009331.07365  3220984.54946  1
2195  284288.000  -2267799.40984  5009331.07359  3220984.54933  1
2195  284289.000  -2267799.40970  5009331.07499  3220984.55255  1
2195  284290.000  -2267799.41063  5009331.07504  3220984.55419  1
2195  284291.000  -2267799.41030  5009331.07523  3220984.55182  1
2195  284292.000  -2267799.41099  5009331.06963  3220984.54355  1
2195  284293.000  -2267799.41063  5009331.06935  3220984.54465  1
2195  284294.000  -2267799.41147  5009331.07091  3220984.54532  1
2195  284295.000  -2267799.41053  5009331.07032  3220984.54516  1
2195  284296.000  -2267799.41043  5009331.07023  3220984.54505  1
2195  284297.000  -2267799.41058  5009331.07015  3220984.54613  1
2195  284298.000  -2267799.41000  5009331.07243  3220984.54880  1
2195  284299.000  -2267799.41052  5009331.07293  3220984.54934  1
2195  284300.000  -2267799.41017  5009331.07265  3220984.54918  1
2195  284301.000  -2267799.41023  5009331.07235  3220984.54853  1
2195  284302.000  -2267799.41007  5009331.07253  3220984.54928  1
2195  284303.000  -2267799.41045  5009331.07208  3220984.54909  1
2195  284304.000  -2267799.41004  5009331.07271  3220984.54790  1
2195  284305.000  -2267799.41045  5009331.07226  3220984.54782  1
2195  284306.000  -2267799.41129  5009331.07085  3220984.54561  1
2195  284307.000  -2267799.41094  5009331.07114  3220984.54655  1
2195  284308.000  -2267799.41051  5009331.07236  3220984.54852  1
2195  284309.000  -2267799.41070  5009331.07059  3220984.54487  1
2195  284310.000  -2267799.41111  5009331.07119  3220984.54527  1
2195  284311.000  -2267799.41141  5009331.07411  3220984.55034  1
2195  284312.000  -2267799.41078  5009331.07593  3220984.55385  1
2195  284313.000  -2267799.41053  5009331.07324  3220984.54894  1
2195  284314.000  -2267799.41034  5009331.07181  3220984.54657  1
2195  284315.000  -2267799.41008  5009331.07330  3220984.54849  1
2195  284316.000  -2267799.41084  5009331.07441  3220984.54998  1
2195  284317.000  -2267799.41084  5009331.07330  3220984.55053  1
2195  284318.000  -2267799.41143  5009331.07299  3220984.54897  1
2195  284319.000  -2267799.41116  5009331.07152  3220984.54764  1
2195  284320.000  -2267799.41080  5009331.06972  3220984.54425  1
2195  284321.000  -2267799.41115  5009331.07330  3220984.54840  1
2195  284322.000  -2267799.41054  5009331.07222  3220984.54805  1
2195  284323.000  -2267799.41017  5009331.07260  3220984.54867  1
2195  284324.000  -2267799.40952  5009331.07248  3220984.54931  1
2195  284325.000  -2267799.41028  5009331.07282  3220984.54848  1
2195  284326.000  -2267799.41014  5009331.07180  3220984.54705  1
2195  284327.000  -2267799.40976  5009331.07151  3220984.54565  1
2195  284328.000  -2267799.40975  5009331.07674  3220984.55079  1
2195  284329.000  -2267799.41113  5009331.07512  3220984.55208  1
2195  284330.000  -2267799.41026  5009331.07816  3220984.55515  1
2195  284331.000  -2267799.41105  5009331.07734  3220984.55618  1
2195  284332.000  -2267799.41081  5009331.07530  3220984.55209  1
2195  284333.000  -2267799.41184  5009331.07284  3220984.54907  1
2195  284334.000  -2267799.41158  5009331.07135  3220984.54534  1
2195  284335.000  -2267799.41002  5009331.07114  3220984.54115  1
2195  284336.000  -2267799.41230  5009331.06903  3220984.54478  1
2195  284337.000  -2267799.41039  5009331.07280  3220984.54831  1
2195  284338.000  -2267799.41075  5009331.07403  3220984.55150  1
2195  284339.000  -2267799.41056  5009331.07072  3220984.54615  1
2195  284340.000  -2267799.41091  5009331.06903  3220984.54765  1
2195  284341.000  -2267799.41108  5009331.07272  3220984.54969  1
2195  284342.000  -2267799.41041  5009331.07245  3220984.54938  1
2195  284343.000  -2267799.41113  5009331.07148  3220984.54705  1
2195  284344.000  -2267799.41125  5009331.07042  3220984.54532  1
2195  284345.000  -2267799.41101  5009331.07151  3220984.54752  1
2195  284346.000  -2267799.41041  5009331.07448  3220984.55123  1
2195  284347.000  -2267799.41158  5009331.06894  3220984.54172  1
2195  284348.000  -2267799.41104  5009331.07270  3220984.54928  1
2195  284349.000  -2267799.41052  5009331.07304  3220984.55078  1
2195  284350.000  -2267799.41131  5009331.07178  3220984.54792  1
2195  284351.000  -2267799.41116  5009331.07091  3220984.54622  1
2195  284352.000  -2267799.41201  5009331.07028  3220984.54913  1
2195  284353.000  -2267799.41124  5009331.06825  3220984.54167  1
2195  284354.000  -2267799.41146  5009331.06894  3220984.54130  1
2195  284355.000  -2267799.41161  5009331.07016  3220984.54344  1
2195  284356.000  -2267799.41196  5009331.07298  3220984.54805  1
2195  284357.000  -2267799.41072  5009331.07232  3220984.54747  1
2195  284358.000  -2267799.41139  5009331.07503  3220984.55031  1
2195  284359.000  -2267799.41146  5009331.07334  3220984.54685  1
2195  284360.000  -2267799.41163  5009331.07384  3220984.55084  1
2195  284361.000  -2267799.41142  5009331.07481  3220984.55094  1
2195  284362.000  -2267799.41068  5009331.07293  3220984.55015  1
2195  284363.000  -2267799.41079  5009331.07409  3220984.55005  1
2195  284364.000  -2267799.41090  5009331.07347  3220984.55147  1
2195  284365.000  -2267799.41082  5009331.07213  3220984.54620  1
2195  284366.000  -2267799.41060  5009331.07438  3220984.54953  1
2195  284367.000  -2267799.41033  5009331.07209  3220984.54898  1
2195  284368.000  -2267799.41083  5009331.06999  3220984.54542  1
2195  284369.000  -2267799.41150  5009331.07292  3220984.54809  1
2195  284370.000  -2267799.41120  5009331.07605  3220984.55140  1
2195  284371.000  -2267799.41029  5009331.07241  3220984.54590  1
2195  284372.000  -2267799.41118  5009331.07558  3220984.55033  1
2195  284373.000  -2267799.41137  5009331.07183  3220984.54713  1
2195  284374.000  -2267799.41071  5009331.07141  3220984.54881  1
2195  284375.000  -2267799.41020  5009331.07304  3220984.54990  1
2195  284376.000  -2267799.40999  5009331.07431  3220984.55046  1
2195  284377.000  -2267799.40974  5009331.07245  3220984.54908  1
2195  284378.000  -2267799.40981  5009331.07448  3220984.55044  1
2195  284380.000  -2267799.41042  5009331.07273  3220984.54920  1
2195  284381.000  -2267799.41045  5009331.07334  3220984.54888  1
2195  284382.000  -2267799.41079  5009331.07127  3220984.54609  1
2195  284383.000  -2267799.41118  5009331.07344  3220984.55050  1
2195  284384.000  -2267799.41130  5009331.07301  3220984.54870  1
2195  284385.000  -2267799.41155  5009331.07079  3220984.54683  1
2195  284386.000  -2267799.41127  5009331.07003  3220984.54680  1
2195  284387.000  -2267799.41030  5009331.07306  3220984.54927  1
2195  284388.000  -2267799.41076  5009331.07345  3220984.54918  1
2195  284389.000  -2267799.41104  5009331.07364  3220984.54913  1
2195  284390.000  -2267799.41068  5009331.07476  3220984.54895  1
2195  284391.000  -2267799.41074  5009331.07173  3220984.54692  1
2195  284392.000  -2267799.41134  5009331.06980  3220984.54511  1
2195  284393.000  -2267799.41083  5009331.06929  3220984.54599  1
2195  284394.000  -2267799.41117  5009331.07107  3220984.54726  1
2195  284395.000  -2267799.40961  5009331.07194  3220984.54753  1
2195  284396.000  -2267799.41063  5009331.07278  3220984.54864  1
2195  284397.000  -2267799.41055  5009331.07410  3220984.54941  1
2195  284398.000  -2267799.41117  5009331.07529  3220984.55034  1
2195  284399.000  -2267799.41149  5009331.07390  3220984.54944  1
2195  284400.000  -2267799.41052  5009331.07416  3220984.54998  1
2195  284401.000  -2267799.41144  5009331.07246  3220984.54728  1
2195  284402.000  -2267799.41019  5009331.07343  3220984.54596  1
2195  284403.000  -2267799.41043  5009331.07332  3220984.54868  1
2195  284404.000  -2267799.41146  5009331.07183  3220984.54756  1
2195  284405.000  -2267799.41165  5009331.07232  3220984.54748  1
2195  284406.000  -2267799.41168  5009331.07291  3220984.54794  1
2195  284407.000  -2267799.41181  5009331.06934  3220984.54542  1
2195  284408.000  -2267799.41123  5009331.06973  3220984.54623  1
2195  284409.000  -2267799.41090  5009331.07324  3220984.54976  1
2195  284410.000  -2267799.41039  5009331.07398  3220984.55014  1
2195  284411.000  -2267799.41068  5009331.07287  3220984.54866  1
2195  284412.000  -2267799.41052  5009331.07449  3220984.54895  1
2195  284413.000  -2267799.41028  5009331.07613  3220984.55126  1
2195  284414.000  -2267799.41029  5009331.07430  3220984.55034  1
2195  284415.000  -2267799.41106  5009331.07346  3220984.55036  1
2195  284416.000  -2267799.41101  5009331.07141  3220984.54871  1
2195  284417.000  -2267799.41102  5009331.07377  3220984.55002  1
2195  284418.000  -2267799.41172  5009331.07379  3220984.54912  1
2195  284419.000  -2267799.41138  5009331.07246  3220984.54779  1
2195  284420.000  -2267799.41125  5009331.07325  3220984.54918  1
2195  284421.000  -2267799.41138  5009331.07324  3220984.54878  1
2195  284422.000  -2267799.41143  5009331.07100  3220984.54767  1
2195  284423.000  -2267799.41113  5009331.07162  3220984.54733  1
2195  284424.000  -2267799.41111  5009331.07239  3220984.54848  1
2195  284425.000  -2267799.41091  5009331.06910  3220984.54671  1
2195  284426.000  -2267799.41081  5009331.07015  3220984.54706  1
2195  284427.000  -2267799.41117  5009331.07175  3220984.54800  1
2195  284428.000  -2267799.41169  5009331.07294  3220984.55132  1
2195  284429.000  -2267799.41083  5009331.07151  3220984.54739  1
2195  284430.000  -2267799.41018  5009331.07278  3220984.54716  1
2195  284431.000  -2267799.41077  5009331.07397  3220984.54915  1
2195  284432.000  -2267799.41113  5009331.07326  3220984.55018  1
2195  284433.000  -2267799.41169  5009331.07223  3220984.54783  1
2195  284434.000  -2267799.40995  5009331.07338  3220984.54619  1
2195  284435.000  -2267799.41051  5009331.07456  3220984.54856  1
2195  284436.000  -2267799.41059  5009331.07387  3220984.54776  1
2195  284437.000  -2267799.41085  5009331.07349  3220984.54837  1
2195  284438.000  -2267799.41234  5009331.07170  3220984.54914  1
2195  284439.000  -2267799.41114  5009331.07327  3220984.55150  1
2195  284440.000  -2267799.41188  5009331.07084  3220984.54991  1
2195  284441.000  -2267799.41120  5009331.07128  3220984.54936  1
2195  284442.000  -2267799.41100  5009331.06983  3220984.54868  1
2195  284443.000  -2267799.41068  5009331.07245  3220984.54906  1
2195  284444.000  -2267799.41053  5009331.07164  3220984.54913  1
2195  284445.000  -2267799.40857  5009331.07304  3220984.54719  1
2195  284446.000  -2267799.40986  5009331.07406  3220984.55017  1
2195  284447.000  -2267799.40993  5009331.07245  3220984.54918  1
2195  284448.000  -2267799.41092  5009331.07214  3220984.54895  1
2195  284449.000  -2267799.41053  5009331.07101  3220984.54725  1
2195  284450.000  -2267799.41090  5009331.07091  3220984.54775  1
2195  284451.000  -2267799.41143  5009331.07071  3220984.54847  1
2195  284452.000  -2267799.41145  5009331.07084  3220984.54769  1
2195  284453.000  -2267799.41130  5009331.07166  3220984.54877  1
2195  284454.000  -2267799.41090  5009331.07312  3220984.54913  1
2195  284455.000  -2267799.41076  5009331.07153  3220984.54794  1
2195  284456.000  -2267799.41081  5009331.07401  3220984.54967  1
2195  284457.000  -2267799.41125  5009331.07239  3220984.54927  1
2195  284458.000  -2267799.41046  5009331.07550  3220984.54976  1
2195  284459.000  -2267799.41017  5009331.07437  3220984.54995  1
2195  284460.000  -2267799.41079  5009331.07132  3220984.54824  1
2195  284461.000  -2267799.41044  5009331.07075  3220984.54626  1
2195  284462.000  -2267799.40987  5009331.07168  3220984.54711  1
2195  284463.000  -2267799.41029  5009331.07167  3220984.54611  1
2195  284464.000  -2267799.40993  5009331.07192  3220984.54574  1
2195  284465.000  -2267799.40996  5009331.07335  3220984.54721  1
2195  284466.000  -2267799.40997  5009331.07269  3220984.54475  1
2195  284467.000  -2267799.41005  5009331.07191  3220984.54651  1
2195  284468.000  -2267799.41039  5009331.07188  3220984.54715  1
2195  284469.000  -2267799.41080  5009331.07232  3220984.54838  1
2195  284470.000  -2267799.41001  5009331.07122  3220984.54762  1
2195  284471.000  -2267799.41051  5009331.07225  3220984.54824  1
2195  284472.000  -2267799.41021  5009331.07163  3220984.54865  1
2195  284473.000  -2267799.41050  5009331.07042  3220984.54753  1
2195  284474.000  -2267799.41072  5009331.07063  3220984.54798  1
2195  284475.000  -2267799.41052  5009331.07212  3220984.54814  1
2195  284476.000  -2267799.41037  5009331.07122  3220984.54858  1
2195  284477.000  -2267799.41098  5009331.07256  3220984.55021  1
2195  284478.000  -2267799.41031  5009331.07701  3220984.55115  1
2195  284479.000  -2267799.41020  5009331.07491  3220984.54958  1
2195  284480.000  -2267799.40943  5009331.07448  3220984.54790  1
2195  284481.000  -2267799.40964  5009331.07469  3220984.54913  1
2195  284482.000  -2267799.40990  5009331.07248  3220984.54905  1
2195  284483.000  -2267799.41071  5009331.07139  3220984.54730  1
2195  284484.000  -2267799.41140  5009331.07212  3220984.54748  1
2195  284485.000  -2267799.41045  5009331.07193  3220984.54788  1
2195  284486.000  -2267799.41127  5009331.07199  3220984.54820  1
2195  284487.000  -2267799.41027  5009331.07291  3220984.54975  1
2195  284488.000  -2267799.41027  5009331.07283  3220984.54849  1
2195  284489.000  -2267799.41102  5009331.06933  3220984.54738  1
2195  284490.000  -2267799.41108  5009331.06996  3220984.54851  1
2195  284491.000  -2267799.41133  5009331.07013  3220984.54680  1
2195  284492.000  -2267799.41129  5009331.07109  3220984.54715  1
2195  284493.000  -2267799.40898  5009331.07763  3220984.54839  1
2195  284494.000  -2267799.41050  5009331.07833  3220984.55048  1
2195  284495.000  -2267799.41111  5009331.07398  3220984.55061  1
2195  284496.000  -2267799.41165  5009331.07328  3220984.55042  1
2195  284497.000  -2267799.41075  5009331.07389  3220984.55098  1
2195  284498.000  -2267799.41142  5009331.07380  3220984.55054  1
2195  284499.000  -2267799.41152  5009331.07118  3220984.54923  1
2195  284500.000  -2267799.41138  5009331.07293  3220984.54919  1
2195  284501.000  -2267799.41120  5009331.06912  3220984.54725  1
2195  284502.000  -2267799.41158  5009331.07362  3220984.54853  1
2195  284503.000  -2267799.41082  5009331.07166  3220984.54748  1
2195  284504.000  -2267799.41062  5009331.06994  3220984.54642  1
2195  284505.000  -2267799.40985  5009331.07081  3220984.54687  1
2195  284506.000  -2267799.41099  5009331.07109  3220984.54918  1
2195  284507.000  -2267799.41128  5009331.07260  3220984.54967  1
2195  284508.000  -2267799.41104  5009331.07049  3220984.54816  1
2195  284509.000  -2267799.41128  5009331.07001  3220984.54630  1
2195  284510.000  -2267799.41103  5009331.07126  3220984.54632  1
2195  284511.000  -2267799.41097  5009331.07499  3220984.54785  1
2195  284512.000  -2267799.41134  5009331.07682  3220984.54968  1
2195  284513.000  -2267799.41159  5009331.07398  3220984.54868  1
2195  284514.000  -2267799.41081  5009331.07222  3220984.54877  1
2195  284515.000  -2267799.41022  5009331.07294  3220984.55062  1
2195  284516.000  -2267799.41087  5009331.07297  3220984.54914  1
2195  284517.000  -2267799.41036  5009331.07507  3220984.55066  1
2195  284518.000  -2267799.40973  5009331.07334  3220984.54911  1
2195  284519.000  -2267799.41006  5009331.07291  3220984.54811  1
2195  284520.000  -2267799.41120  5009331.07080  3220984.54748  1
2195  284521.000  -2267799.41095  5009331.06882  3220984.54646  1
2195  284522.000  -2267799.41172  5009331.07045  3220984.54779  1
2195  284523.000  -2267799.41148  5009331.07220  3220984.54880  1
2195  284524.000  -2267799.41126  5009331.07314  3220984.54899  1
2195  284525.000  -2267799.41092  5009331.07253  3220984.54867  1
2195  284526.000  -2267799.41234  5009331.06856  3220984.54927  1
2195  284527.000  -2267799.41185  5009331.07166  3220984.54907  1
2195  284528.000  -2267799.41104  5009331.07084  3220984.54663  1
2195  284529.000  -2267799.41064  5009331.07254  3220984.54802  1
2195  284530.000  -2267799.41034  5009331.07397  3220984.54867  1
2195  284531.000  -2267799.41018  5009331.07521  3220984.54946  1
2195  284532.000  -2267799.41103  5009331.07370  3220984.54963  1
2195  284533.000  -2267799.41036  5009331.07332  3220984.54662  1
2195  284534.000  -2267799.41036  5009331.07390  3220984.54891  1
2195  284535.000  -2267799.40981  5009331.07529  3220984.55066  1
2195  284536.000  -2267799.40965  5009331.07237  3220984.54798  1
2195  284537.000  -2267799.40971  5009331.07209  3220984.54790  1
2195  284538.000  -2267799.41067  5009331.07122  3220984.54939  1
2195  284539.000  -2267799.40987  5009331.07154  3220984.54828  1
2195  284540.000  -2267799.40996  5009331.07115  3220984.54770  1
2195  284541.000  -2267799.41087  5009331.07068  3220984.54674  1
2195  284542.000  -2267799.41209  5009331.07028  3220984.54759  1
2195  284543.000  -2267799.41121  5009331.07160  3220984.54836  1
2195  284544.000  -2267799.41183  5009331.07309  3220984.54890  1
2195  284545.000  -2267799.41089  5009331.07391  3220984.54899  1
2195  284546.000  -2267799.41021  5009331.07307  3220984.54836  1
2195  284547.000  -2267799.41068  5009331.07370  3220984.54823  1
2195  284548.000  -2267799.41125  5009331.07602  3220984.54957  1
2195  284549.000  -2267799.41192  5009331.07465  3220984.55152  1
2195  284550.000  -2267799.41162  5009331.07343  3220984.55025  1
2195  284551.000  -2267799.41058  5009331.07134  3220984.54830  1
2195  284552.000  -2267799.40987  5009331.07153  3220984.54814  1
2195  284553.000  -2267799.40932  5009331.07048  3220984.54791  1
2195  284554.000  -2267799.41083  5009331.07191  3220984.54947  1
2195  284555.000  -2267799.41040  5009331.07300  3220984.54961  1
2195  284556.000  -2267799.41082  5009331.07296  3220984.54944  1
2195  284557.000  -2267799.41084  5009331.07103  3220984.54776  1
2195  284558.000  -2267799.41079  5009331.06863  3220984.54677  1
2195  284559.000  -2267799.41082  5009331.07094  3220984.54781  1
2195  284560.000  -2267799.41061  5009331.06941  3220984.54699  1
2195  284561.000  -2267799.41022  5009331.07114  3220984.54847  1
2195  284562.000  -2267799.41041  5009331.07304  3220984.54888  1
2195  284563.000  -2267799.41074  5009331.07360  3220984.54932  1
2195  284564.000  -2267799.40975  5009331.07433  3220984.54901  1
2195  284565.000  -2267799.41050  5009331.07480  3220984.54911  1
2195  284566.000  -2267799.41103  5009331.07384  3220984.54904  1
2195  284567.000  -2267799.41066  5009331.07308  3220984.54747  1
2195  284568.000  -2267799.41029  5009331.07169  3220984.54691  1
2195  284569.000  -2267799.40992  5009331.07102  3220984.54737  1
2195  284570.000  -2267799.41035  5009331.07388  3220984.54799  1
2195  284571.000  -2267799.41002  5009331.07329  3220984.54784  1
2195  284572.000  -2267799.41102  5009331.07208  3220984.54890  1
2195  284573.000  -2267799.41171  5009331.07144  3220984.55005  1
2195  284574.000  -2267799.41038  5009331.07189  3220984.54847  1
2195  284575.000  -2267799.41028  5009331.07359  3220984.54900  1
2195  284576.000  -2267799.41021  5009331.07312  3220984.54995  1
2195  284577.000  -2267799.41126  5009331.07254  3220984.54855  1
2195  284578.000  -2267799.41130  5009331.07251  3220984.54865  1
2195  284579.000  -2267799.41062  5009331.07308  3220984.54907  1
2195  284580.000  -2267799.41122  5009331.07124  3220984.54960  1
2195  284581.000  -2267799.41188  5009331.07256  3220984.55158  1
2195  284582.000  -2267799.41198  5009331.07145  3220984.55061  1
2195  284583.000  -2267799.41207  5009331.07146  3220984.54895  1
2195  284584.000  -2267799.41149  5009331.07192  3220984.54884  1
2195  284585.000  -2267799.41121  5009331.07387  3220984.54835  1
2195  284586.000  -2267799.41043  5009331.07552  3220984.54773  1
2195  284587.000  -2267799.41057  5009331.07382  3220984.54969  1
2195  284588.000  -2267799.41144  5009331.07359  3220984.55055  1
2195  284589.000  -2267799.41145  5009331.07330  3220984.55039  1
2195  284590.000  -2267799.41064  5009331.07081  3220984.54912  1
2195  284591.000  -2267799.41063  5009331.07227  3220984.54915  1
2195  284592.000  -2267799.41068  5009331.06985  3220984.54779  1
2195  284593.000  -2267799.41088  5009331.07015  3220984.54597  1
2195  284594.000  -2267799.41123  5009331.06886  3220984.54518  1
2195  284595.000  -2267799.41189  5009331.06935  3220984.54743  1
2195  284596.000  -2267799.41185  5009331.07013  3220984.54681  1
2195  284597.000  -2267799.41137  5009331.07271  3220984.54868  1
2195  284598.000  -2267799.41083  5009331.07566  3220984.54941  1
2195  284599.000  -2267799.40967  5009331.07622  3220984.55238  1
2195  284600.000  -2267799.41056  5009331.07518  3220984.55003  1
2195  284601.000  -2267799.41071  5009331.07462  3220984.54925  1
2195  284602.000  -2267799.41082  5009331.07395  3220984.54819  1
2195  284603.000  -2267799.41120  5009331.07415  3220984.54742  1
2195  284604.000  -2267799.41048  5009331.07096  3220984.54662  1
2195  284605.000  -2267799.41015  5009331.07005  3220984.54560  1
2195  284606.000  -2267799.41065  5009331.07145  3220984.54634  1
2195  284607.000  -2267799.41004  5009331.07146  3220984.54679  1
2195  284608.000  -2267799.41051  5009331.07172  3220984.54842  1
2195  284609.000  -2267799.41026  5009331.07198  3220984.54859  1
2195  284610.000  -2267799.41026  5009331.07360  3220984.54799  1
2195  284611.000  -2267799.41019  5009331.07301  3220984.54920  1
2195  284612.000  -2267799.40999  5009331.07447  3220984.55029  1
2195  284613.000  -2267799.41060  5009331.07475  3220984.55005  1
2195  284614.000  -2267799.41082  5009331.07448  3220984.55083  1
2195  284615.000  -2267799.41125  5009331.07273  3220984.54948  1
2195  284616.000  -2267799.41069  5009331.07276  3220984.54873  1
2195  284617.000  -2267799.41010  5009331.07184  3220984.54723  1
2195  284618.000  -2267799.40991  5009331.07275  3220984.54758  1
2195  284619.000  -2267799.41103  5009331.07371  3220984.54947  1
2195  284620.000  -2267799.41099  5009331.07214  3220984.54877  1
2195  284621.000  -2267799.41053  5009331.07140  3220984.54891  1
2195  284622.000  -2267799.41069  5009331.07211  3220984.54769  1
2195  284623.000  -2267799.41100  5009331.07186  3220984.54663  1
2195  284624.000  -2267799.41100  5009331.07144  3220984.54736  1
2195  284625.000  -2267799.41189  5009331.07240  3220984.54840  1
2195  284626.000  -2267799.41110  5009331.07235  3220984.54681  1
2195  284627.000  -2267799.41040  5009331.07243  3220984.54675  1
2195  284628.000  -2267799.41085  5009331.07286  3220984.54863  1
2195  284629.000  -2267799.41133  5009331.07061  3220984.54655  1
2195  284630.000  -2267799.41078  5009331.07144  3220984.54699  1
2195  284631.000  -2267799.41063  5009331.07055  3220984.54719  1
2195  284632.000  -2267799.41142  5009331.07225  3220984.54889  1
2195  284633.000  -2267799.41134  5009331.07381  3220984.54907  1
2195  284634.000  -2267799.41100  5009331.07445  3220984.54979  1
2195  284635.000  -2267799.40995  5009331.07269  3220984.54811  1
2195  284636.000  -2267799.41037  5009331.07104  3220984.54608  1
2195  284637.000  -2267799.41035  5009331.07067  3220984.54640  1
2195  284638.000  -2267799.41047  5009331.07210  3220984.54732  1
2195  284639.000  -2267799.41035  5009331.07307  3220984.54899  1
2195  284640.000  -2267799.41051  5009331.07353  3220984.55012  1
2195  284641.000  -2267799.41088  5009331.07298  3220984.54895  1
2195  284642.000  -2267799.41140  5009331.07231  3220984.54872  1
2195  284643.000  -2267799.41101  5009331.07190  3220984.54958  1
2195  284644.000  -2267799.41126  5009331.07215  3220984.54966  1
2195  284645.000  -2267799.41047  5009331.07233  3220984.54829  1
2195  284646.000  -2267799.41066  5009331.07342  3220984.54933  1
2195  284647.000  -2267799.41056  5009331.07208  3220984.54754  1
2195  284648.000  -2267799.41042  5009331.07392  3220984.55053  1
2195  284649.000  -2267799.41120  5009331.07394  3220984.55146  1
2195  284650.000  -2267799.41151  5009331.07357  3220984.54984  1
2195  284651.000  -2267799.41034  5009331.07252  3220984.54910  1
2195  284652.000  -2267799.40987  5009331.07205  3220984.54839  1
2195  284653.000  -2267799.41029  5009331.07077  3220984.54663  1
2195  284654.000  -2267799.41014  5009331.07185  3220984.54760  1
2195  284655.000  -2267799.40998  5009331.07025  3220984.54697  1
2195  284656.000  -2267799.41078  5009331.07131  3220984.54807  1
2195  284657.000  -2267799.41023  5009331.07119  3220984.54690  1
2195  284658.000  -2267799.41088  5009331.07228  3220984.54759  1
2195  284659.000  -2267799.41063  5009331.07248  3220984.54649  1
2195  284660.000  -2267799.41129  5009331.07369  3220984.55032  1
2195  284661.000  -2267799.41092  5009331.07376  3220984.55018  1
2195  284662.000  -2267799.41161  5009331.07370  3220984.55100  1
2195  284663.000  -2267799.41007  5009331.07289  3220984.55041  1
2195  284664.000  -2267799.41096  5009331.07197  3220984.55026  1
2195  284665.000  -2267799.41114  5009331.07264  3220984.55077  1
2195  284666.000  -2267799.41056  5009331.07125  3220984.54773  1
2195  284667.000  -2267799.41031  5009331.07008  3220984.54669  1
2195  284668.000  -2267799.41167  5009331.07157  3220984.54993  1
2195  284669.000  -2267799.41065  5009331.07152  3220984.54882  1
2195  284670.000  -2267799.41094  5009331.07110  3220984.54805  1
2195  284671.000  -2267799.41035  5009331.07213  3220984.54863  1
2195  284672.000  -2267799.41169  5009331.07135  3220984.54842  1
2195  284673.000  -2267799.41172  5009331.07280  3220984.54936  1
2195  284674.000  -2267799.41057  5009331.07327  3220984.54959  1
2195  284675.000  -2267799.41108  5009331.07348  3220984.54981  1
2195  284676.000  -2267799.41084  5009331.07357  3220984.55108  1
2195  284677.000  -2267799.41012  5009331.07251  3220984.54888  1
2195  284678.000  -2267799.41106  5009331.07355  3220984.55024  1
2195  284679.000  -2267799.40989  5009331.07174  3220984.54860  1
2195  284680.000  -2267799.40994  5009331.07205  3220984.54575  1
2195  284681.000  -2267799.41019  5009331.07349  3220984.54691  1
2195  284682.000  -2267799.41044  5009331.07231  3220984.54760  1
2195  284683.000  -2267799.41054  5009331.07177  3220984.54711  1
2195  284684.000  -2267799.41051  5009331.07225  3220984.54816  1
2195  284685.000  -2267799.41147  5009331.07341  3220984.54919  1
2195  284686.000  -2267799.41052  5009331.07398  3220984.54891  1
2195  284687.000  -2267799.40978  5009331.07393  3220984.54932  1
2195  284688.000  -2267799.41088  5009331.07242  3220984.54998  1
2195  284689.000  -2267799.41094  5009331.07229  3220984.54807  1
2195  284690.000  -2267799.41026  5009331.07322  3220984.54842  1
2195  284691.000  -2267799.41097  5009331.07342  3220984.54974  1
2195  284692.000  -2267799.41040  5009331.07347  3220984.54899  1
2195  284693.000  -2267799.41109  5009331.07209  3220984.54853  1
2195  284694.000  -2267799.41057  5009331.07146  3220984.54897  1
2195  284695.000  -2267799.41136  5009331.07138  3220984.54887  1
2195  284696.000  -2267799.41055  5009331.07148  3220984.54687  1
2195  284697.000  -2267799.40968  5009331.07138  3220984.54476  1
2195  284698.000  -2267799.40996  5009331.07178  3220984.54580  1
2195  284699.000  -2267799.41093  5009331.07354  3220984.54918  1
2195  284700.000  -2267799.41098  5009331.07436  3220984.55011  1
2195  284701.000  -2267799.41117  5009331.07554  3220984.55129  1
2195  284702.000  -2267799.41118  5009331.07358  3220984.55038  1
2195  284703.000  -2267799.41071  5009331.07279  3220984.55019  1
2195  284704.000  -2267799.40977  5009331.07297  3220984.54880  1
2195  284705.000  -2267799.41041  5009331.07465  3220984.54869  1
2195  284706.000  -2267799.40930  5009331.07445  3220984.54957  1
2195  284707.000  -2267799.41018  5009331.07466  3220984.55161  1
2195  284708.000  -2267799.41063  5009331.07299  3220984.54901  1
2195  284709.000  -2267799.41135  5009331.07123  3220984.54941  1
2195  284710.000  -2267799.41133  5009331.07090  3220984.54906  1
2195  284711.000  -2267799.41084  5009331.07094  3220984.54788  1
2195  284712.000  -2267799.41071  5009331.07136  3220984.54754  1
2195  284713.000  -2267799.41124  5009331.07207  3220984.55017  1
2195  284714.000  -2267799.41059  5009331.07150  3220984.54845  1
2195  284715.000  -2267799.40987  5009331.07067  3220984.54514  1
2195  284716.000  -2267799.40946  5009331.07108  3220984.54687  1
2195  284717.000  -2267799.41000  5009331.07315  3220984.54840  1
2195  284718.000  -2267799.41110  5009331.07386  3220984.54851  1
2195  284719.000  -2267799.41061  5009331.07482  3220984.54889  1
2195  284720.000  -2267799.40968  5009331.07471  3220984.54875  1
2195  284721.000  -2267799.41027  5009331.07374  3220984.54861  1
2195  284722.000  -2267799.41201  5009331.07308  3220984.55041  1
2195  284723.000  -2267799.41128  5009331.07203  3220984.55035  1
2195  284724.000  -2267799.41227  5009331.07381  3220984.55373  1
2195  284725.000  -2267799.41167  5009331.07391  3220984.55021  1
2195  284726.000  -2267799.41159  5009331.07443  3220984.55145  1
2195  284727.000  -2267799.40958  5009331.07260  3220984.54707  1
2195  284728.000  -2267799.41087  5009331.07263  3220984.54814  1
2195  284729.000  -2267799.41113  5009331.07221  3220984.54770  1
2195  284730.000  -2267799.41046  5009331.07248  3220984.54781  1
2195  284731.000  -2267799.41059  5009331.07112  3220984.54757  1
2195  284732.000  -2267799.41021  5009331.06940  3220984.54399  1
2195  284733.000  -2267799.41066  5009331.07073  3220984.54733  1
2195  284734.000  -2267799.41054  5009331.07143  3220984.54706  1
2195  284735.000  -2267799.41068  5009331.07386  3220984.54989  1
2195  284736.000  -2267799.41040  5009331.07361  3220984.54892  1
2195  284737.000  -2267799.41074  5009331.07372  3220984.55018  1
2195  284738.000  -2267799.40938  5009331.07177  3220984.54509  1
2195  284739.000  -2267799.40961  5009331.07156  3220984.54533  1
2195  284740.000  -2267799.41046  5009331.07025  3220984.54545  1
2195  284741.000  -2267799.41097  5009331.07188  3220984.54790  1
2195  284742.000  -2267799.41144  5009331.07252  3220984.54839  1
2195  284743.000  -2267799.41127  5009331.07332  3220984.54973  1
2195  284744.000  -2267799.41134  5009331.07264  3220984.54946  1
2195  284745.000  -2267799.41063  5009331.07395  3220984.54893  1
2195  284746.000  -2267799.40998  5009331.07367  3220984.54773  1
2195  284747.000  -2267799.41020  5009331.07129  3220984.54559  1
2195  284748.000  -2267799.41069  5009331.07224  3220984.54790  1
2195  284749.000  -2267799.41005  5009331.07140  3220984.54521  1
2195  284750.000  -2267799.40986  5009331.07237  3220984.54517  1
2195  284751.000  -2267799.41068  5009331.07381  3220984.54831  1
2195  284752.000  -2267799.41061  5009331.07528  3220984.54908  1
2195  284753.000  -2267799.41057  5009331.07429  3220984.54936  1
2195  284754.000  -2267799.41088  5009331.07273  3220984.54929  1
2195  284755.000  -2267799.41094  5009331.07531  3220984.55234  1
2195  284756.000  -2267799.41015  5009331.07667  3220984.54973  1
2195  284757.000  -2267799.40974  5009331.07488  3220984.54928  1
2195  284758.000  -2267799.41006  5009331.07388  3220984.54927  1
2195  284759.000  -2267799.41122  5009331.07358  3220984.54874  1
2195  284760.000  -2267799.41136  5009331.07175  3220984.54718  1
2195  284761.000  -2267799.41131  5009331.07291  3220984.54796  1
2195  284762.000  -2267799.41138  5009331.06948  3220984.54663  1
2195  284763.000  -2267799.41059  5009331.06826  3220984.54492  1
2195  284764.000  -2267799.40922  5009331.07104  3220984.54320  1
2195  284765.000  -2267799.40954  5009331.07032  3220984.54378  1
2195  284766.000  -2267799.40924  5009331.07248  3220984.54264  1
2195  284767.000  -2267799.40949  5009331.07378  3220984.54342  1
2195  284768.000  -2267799.40942  5009331.07355  3220984.54462  1
2195  284769.000  -2267799.40933  5009331.07359  3220984.54706  1
2195  284770.000  -2267799.41017  5009331.07256  3220984.54940  1
2195  284771.000  -2267799.41135  5009331.07104  3220984.54817  1
2195  284772.000  -2267799.41103  5009331.07200  3220984.54870  1
2195  284773.000  -2267799.41044  5009331.07181  3220984.54716  1
2195  284774.000  -2267799.41011  5009331.07211  3220984.54605  1
2195  284775.000  -2267799.40958  5009331.07241  3220984.54800  1
2195  284776.000  -2267799.41024  5009331.07303  3220984.54662  1
2195  284777.000  -2267799.41163  5009331.07559  3220984.54982  1
2195  284778.000  -2267799.41163  5009331.07371  3220984.55076  1
2195  284779.000  -2267799.41252  5009331.07125  3220984.55073  1
2195  284780.000  -2267799.41169  5009331.07269  3220984.55079  1
2195  284781.000  -2267799.41195  5009331.07270  3220984.55064  1
2195  284782.000  -2267799.41083  5009331.07311  3220984.54925  1
2195  284783.000  -2267799.41050  5009331.07037  3220984.54676  1
2195  284784.000  -2267799.41002  5009331.07188  3220984.54771  1
2195  284785.000  -2267799.41071  5009331.07329  3220984.54769  1
2195  284786.000  -2267799.41124  5009331.07354  3220984.55016  1
2195  284787.000  -2267799.41117  5009331.07482  3220984.55178  1
2195  284788.000  -2267799.41153  5009331.07324  3220984.55074  1
2195  284789.000  -2267799.41077  5009331.07413  3220984.55084  1
2195  284790.000  -2267799.41046  5009331.07291  3220984.54943  1
2195  284791.000  -2267799.40988  5009331.07542  3220984.54837  1
2195  284792.000  -2267799.41009  5009331.07383  3220984.54959  1
2195  284793.000  -2267799.40882  5009331.07566  3220984.54689  1
2195  284794.000  -2267799.40921  5009331.07437  3220984.54587  1
2195  284795.000  -2267799.40955  5009331.07108  3220984.54570  1
2195  284796.000  -2267799.41066  5009331.07259  3220984.54659  1
2195  284797.000  -2267799.41040  5009331.07116  3220984.54683  1
2195  284798.000  -2267799.41196  5009331.07108  3220984.54843  1
2195  284799.000  -2267799.41160  5009331.07201  3220984.54923  1
2195  284800.000  -2267799.41300  5009331.07087  3220984.55065  1
2195  284801.000  -2267799.41114  5009331.07057  3220984.54822  1
2195  284802.000  -2267799.41090  5009331.07283  3220984.54877  1
2195  284803.000  -2267799.41065  5009331.07157  3220984.54751  1
2195  284804.000  -2267799.41113  5009331.07231  3220984.54750  1
2195  284805.000  -2267799.41049  5009331.07136  3220984.54793  1
2195  284806.000  -2267799.41003  5009331.07303  3220984.54782  1
2195  284807.000  -2267799.41070  5009331.07498  3220984.54889  1
2195  284808.000  -2267799.41064  5009331.07410  3220984.54862  1
2195  284809.000  -2267799.41008  5009331.07370  3220984.54867  1
2195  284810.000  -2267799.41036  5009331.07228  3220984.54819  1
2195  284811.000  -2267799.41044  5009331.07305  3220984.54866  1
2195  284812.000  -2267799.41037  5009331.07274  3220984.54877  1
2195  284813.000  -2267799.41052  5009331.07340  3220984.54924  1
2195  284814.000  -2267799.41050  5009331.07673  3220984.54988  1
2195  284815.000  -2267799.41151  5009331.07133  3220984.54957  1
2195  284816.000  -2267799.41066  5009331.07321  3220984.54929  1
2195  284817.000  -2267799.41113  5009331.07126  3220984.54883  1
2195  284818.000  -2267799.41075  5009331.07398  3220984.54895  1
2195  284819.000  -2267799.41144  5009331.07385  3220984.54966  1
2195  284820.000  -2267799.41002  5009331.07700  3220984.54835  1
2195  284821.000  -2267799.41125  5009331.07190  3220984.54884  1
2195  284822.000  -2267799.41082  5009331.07203  3220984.54897  1
2195  284823.000  -2267799.41179  5009331.07386  3220984.54960  1
2195  284824.000  -2267799.41039  5009331.07270  3220984.54838  1
2195  284825.000  -2267799.41070  5009331.07421  3220984.54857  1
2195  284826.000  -2267799.40996  5009331.07166  3220984.54684  1
2195  284827.000  -2267799.41102  5009331.07258  3220984.54861  1
2195  284828.000  -2267799.41048  5009331.07318  3220984.54803  1
2195  284829.000  -2267799.40997  5009331.07212  3220984.54716  1
2195  284830.000  -2267799.41107  5009331.07204  3220984.54784  1
2195  284831.000  -2267799.41079  5009331.07224  3220984.54737  1
2195  284832.000  -2267799.41057  5009331.07172  3220984.54779  1
2195  284833.000  -2267799.41068  5009331.07135  3220984.54798  1
2195  284834.000  -2267799.41107  5009331.07079  3220984.54854  1
2195  284835.000  -2267799.41116  5009331.07309  3220984.54953  1
2195  284836.000  -2267799.41055  5009331.07254  3220984.54893  1
2195  284837.000  -2267799.40962  5009331.07288  3220984.54813  1
2195  284838.000  -2267799.41032  5009331.07395  3220984.54867  1
2195  284839.000  -2267799.41093  5009331.07133  3220984.54739  1
2195  284840.000  -2267799.41087  5009331.07245  3220984.54670  1
2195  284841.000  -2267799.41063  5009331.07264  3220984.54684  1
2195  284842.000  -2267799.40975  5009331.07336  3220984.54875  1
2195  284843.000  -2267799.41082  5009331.07466  3220984.55126  1
2195  284844.000  -2267799.41083  5009331.07305  3220984.54989  1
2195  284845.000  -2267799.41036  5009331.07331  3220984.54938  1
2195  284846.000  -2267799.40997  5009331.07427  3220984.54970  1
2195  284847.000  -2267799.41032  5009331.07494  3220984.54996  1
2195  284848.000  -2267799.41151  5009331.07424  3220984.54893  1
2195  284849.000  -2267799.41130  5009331.07304  3220984.54772  1
2195  284850.000  -2267799.40933  5009331.07209  3220984.54715  1
2195  284851.000  -2267799.40947  5009331.07215  3220984.54691  1
2195  284852.000  -2267799.41083  5009331.07374  3220984.54776  1
2195  284853.000  -2267799.41062  5009331.07147  3220984.54665  1
2195  284854.000  -2267799.41064  5009331.07345  3220984.55023  1
2195  284855.000  -2267799.41013  5009331.07387  3220984.54912  1
2195  284856.000  -2267799.41093  5009331.07453  3220984.55058  1
2195  284857.000  -2267799.41165  5009331.07299  3220984.55073  1
2195  284858.000  -2267799.41143  5009331.07160  3220984.54981  1
2195  284859.000  -2267799.41037  5009331.07092  3220984.54758  1
2195  284860.000  -2267799.41134  5009331.07156  3220984.54778  1
2195  284861.000  -2267799.41128  5009331.07149  3220984.54777  1
2195  284862.000  -2267799.41113  5009331.07146  3220984.54776  1
2195  284863.000  -2267799.41212  5009331.07199  3220984.55142  1
2195  284864.000  -2267799.41067  5009331.07365  3220984.55166  1
2195  284865.000  -2267799.41099  5009331.07321  3220984.54949  1
2195  284866.000  -2267799.41119  5009331.07298  3220984.54914  1
2195  284867.000  -2267799.41104  5009331.07061  3220984.54864  1
2195  284868.000  -2267799.41147  5009331.07262  3220984.55142  1
2195  284869.000  -2267799.41121  5009331.07279  3220984.55112  1
2195  284870.000  -2267799.41143  5009331.07402  3220984.55065  1
2195  284871.000  -2267799.40977  5009331.07382  3220984.54883  1
2195  284872.000  -2267799.41075  5009331.07287  3220984.54840  1
2195  284873.000  -2267799.41018  5009331.07216  3220984.54778  1
2195  284874.000  -2267799.41039  5009331.07560  3220984.54852  1
2195  284875.000  -2267799.41002  5009331.07359  3220984.54796  1
2195  284876.000  -2267799.41076  5009331.07195  3220984.54784  1
2195  284877.000  -2267799.41081  5009331.07062  3220984.54566  1
2195  284878.000  -2267799.41061  5009331.07311  3220984.54677  1
2195  284879.000  -2267799.41121  5009331.07165  3220984.54706  1
2195  284880.000  -2267799.41042  5009331.06933  3220984.54707  1
2195  284881.000  -2267799.41096  5009331.07003  3220984.54875  1
2195  284882.000  -2267799.41193  5009331.07115  3220984.55307  1
2195  284883.000  -2267799.41175  5009331.07165  3220984.55201  1
2195  284884.000  -2267799.41106  5009331.07082  3220984.54872  1
2195  284885.000  -2267799.41070  5009331.07316  3220984.54987  1
2195  284886.000  -2267799.41171  5009331.07218  3220984.54983  1
2195  284887.000  -2267799.41112  5009331.07073  3220984.54846  1
2195  284888.000  -2267799.40995  5009331.07260  3220984.54751  1
2195  284889.000  -2267799.41016  5009331.07167  3220984.54865  1
2195  284890.000  -2267799.41121  5009331.07311  3220984.54941  1
2195  284891.000  -2267799.40926  5009331.07099  3220984.54566  1
2195  284892.000  -2267799.40999  5009331.07268  3220984.54699  1
2195  284893.000  -2267799.41062  5009331.07235  3220984.54726  1
2195  284894.000  -2267799.41038  5009331.07251  3220984.54842  1
2195  284895.000  -2267799.41123  5009331.07298  3220984.55130  1
2195  284896.000  -2267799.41090  5009331.07187  3220984.54959  1
2195  284897.000  -2267799.41085  5009331.07336  3220984.54845  1
2195  284898.000  -2267799.41064  5009331.07337  3220984.54826  1
2195  284899.000  -2267799.41005  5009331.07479  3220984.54963  1
2195  284900.000  -2267799.41059  5009331.07251  3220984.54933  1
2195  284901.000  -2267799.41113  5009331.07089  3220984.54769  1
2195  284902.000  -2267799.41122  5009331.07118  3220984.54815  1
2195  284903.000  -2267799.41127  5009331.06980  3220984.54718  1
2195  284904.000  -2267799.41072  5009331.06994  3220984.54717  1
2195  284905.000  -2267799.41137  5009331.06771  3220984.54643  1
2195  284906.000  -2267799.41167  5009331.06931  3220984.54788  1
2195  284907.000  -2267799.41125  5009331.06869  3220984.54876  1
2195  284908.000  -2267799.41107  5009331.07141  3220984.54618  1
2195  284909.000  -2267799.41155  5009331.07110  3220984.54939  1
2195  284910.000  -2267799.41128  5009331.07174  3220984.54795  1
2195  284911.000  -2267799.41100  5009331.07137  3220984.54866  1
2195  284912.000  -2267799.41065  5009331.07334  3220984.55046  1
2195  284913.000  -2267799.41050  5009331.07054  3220984.54785  1
2195  284914.000  -2267799.41091  5009331.07093  3220984.54819  1
2195  284915.000  -2267799.41036  5009331.07154  3220984.54877  1
2195  284916.000  -2267799.41090  5009331.07349  3220984.54886  1
2195  284917.000  -2267799.41161  5009331.07211  3220984.54970  1
2195  284918.000  -2267799.41110  5009331.07265  3220984.54885  1
2195  284919.000  -2267799.41108  5009331.07154  3220984.54748  1
2195  284920.000  -2267799.41062  5009331.07022  3220984.54758  1
2195  284921.000  -2267799.41089  5009331.07239  3220984.54850  1
2195  284922.000  -2267799.41122  5009331.07407  3220984.54831  1
2195  284923.000  -2267799.41074  5009331.07342  3220984.55023  1
2195  284924.000  -2267799.40982  5009331.07558  3220984.55082  1
2195  284925.000  -2267799.41100  5009331.07335  3220984.54941  1
2195  284926.000  -2267799.41062  5009331.07411  3220984.54885  1
2195  284927.000  -2267799.41093  5009331.07403  3220984.54981  1
2195  284928.000  -2267799.41092  5009331.07231  3220984.54870  1
2195  284929.000  -2267799.41042  5009331.07326  3220984.55006  1
2195  284930.000  -2267799.41078  5009331.07338  3220984.54872  1
2195  284931.000  -2267799.41069  5009331.07344  3220984.54968  1
2195  284932.000  -2267799.41028  5009331.07420  3220984.55022  1
2195  284933.000  -2267799.40998  5009331.06990  3220984.54594  1
2195  284934.000  -2267799.41106  5009331.06850  3220984.54501  1
2195  284935.000  -2267799.41029  5009331.07172  3220984.54720  1
2195  284936.000  -2267799.41133  5009331.07152  3220984.54830  1
2195  284937.000  -2267799.41139  5009331.07184  3220984.54872  1
2195  284938.000  -2267799.41112  5009331.07273  3220984.54721  1
2195  284939.000  -2267799.41056  5009331.07251  3220984.54760  1
2195  284940.000  -2267799.41033  5009331.07171  3220984.54642  1
2195  284941.000  -2267799.41068  5009331.07259  3220984.54984  1
2195  284942.000  -2267799.41140  5009331.07198  3220984.54924  1
2195  284943.000  -2267799.41069  5009331.07097  3220984.54910  1
2195  284944.000  -2267799.41171  5009331.07143  3220984.54826  1
2195  284945.000  -2267799.41084  5009331.07132  3220984.54607  1
2195  284946.000  -2267799.41050  5009331.07250  3220984.54762  1
2195  284947.000  -2267799.41181  5009331.07408  3220984.54993  1
2195  284948.000  -2267799.41122  5009331.07332  3220984.55054  1
2195  284949.000  -2267799.41198  5009331.07424  3220984.55222  1
2195  284950.000  -2267799.41141  5009331.07320  3220984.55127  1
2195  284951.000  -2267799.41076  5009331.07199  3220984.54933  1
2195  284952.000  -2267799.41046  5009331.07343  3220984.54917  1
2195  284953.000  -2267799.41136  5009331.07455  3220984.54949  1
2195  284954.000  -2267799.41038  5009331.07244  3220984.54724  1
2195  284955.000  -2267799.41124  5009331.07380  3220984.54864  1
2195  284956.000  -2267799.41060  5009331.07310  3220984.54952  1
2195  284957.000  -2267799.41072  5009331.07046  3220984.54850  1
2195  284958.000  -2267799.41069  5009331.07164  3220984.54893  1
2195  284959.000  -2267799.41003  5009331.07335  3220984.54972  1
2195  284960.000  -2267799.40941  5009331.07171  3220984.54781  1
2195  284961.000  -2267799.40998  5009331.07120  3220984.54643  1
2195  284962.000  -2267799.41070  5009331.07326  3220984.54815  1
2195  284963.000  -2267799.41017  5009331.07230  3220984.54771  1
2195  284964.000  -2267799.40972  5009331.07356  3220984.54592  1
2195  284965.000  -2267799.41076  5009331.07241  3220984.54710  1
2195  284966.000  -2267799.41054  5009331.07143  3220984.54596  1
2195  284967.000  -2267799.41056  5009331.07121  3220984.54557  1
2195  284968.000  -2267799.41004  5009331.07123  3220984.54798  1
2195  284969.000  -2267799.40998  5009331.07195  3220984.54918  1
2195  284972.000  -2267799.41043  5009331.07547  3220984.55096  1
2195  284973.000  -2267799.41025  5009331.07575  3220984.55152  1
2195  284974.000  -2267799.41064  5009331.07346  3220984.55203  1
2195  284975.000  -2267799.41037  5009331.07523  3220984.55090  1
2195  284976.000  -2267799.41070  5009331.07296  3220984.54867  1
2195  284977.000  -2267799.41067  5009331.07206  3220984.54829  1
2195  284978.000  -2267799.41154  5009331.07486  3220984.55068  1
2195  284979.000  -2267799.40929  5009331.07931  3220984.55322  1
2195  284980.000  -2267799.40988  5009331.07848  3220984.55282  1
2195  284981.000  -2267799.41026  5009331.07631  3220984.55070  1
2195  284982.000  -2267799.41025  5009331.07260  3220984.54889  1
2195  284983.000  -2267799.41064  5009331.07441  3220984.54971  1
2195  284984.000  -2267799.41134  5009331.07259  3220984.54973  1
2195  284985.000  -2267799.41150  5009331.07150  3220984.54780  1
2195  284986.000  -2267799.41138  5009331.07002  3220984.54717  1
2195  284987.000  -2267799.41205  5009331.07077  3220984.54706  1
2195  284988.000  -2267799.41032  5009331.07061  3220984.54843  1
2195  284989.000  -2267799.41152  5009331.06814  3220984.54645  1
2195  284990.000  -2267799.41069  5009331.06850  3220984.54768  1
2195  284991.000  -2267799.41183  5009331.07001  3220984.54681  1
2195  284993.000  -2267799.41204  5009331.07319  3220984.54803  1
2195  284994.000  -2267799.41108  5009331.07401  3220984.54832  1
2195  284998.000  -2267799.41059  5009331.07063  3220984.54526  1
2195  284999.000  -2267799.41080  5009331.07230  3220984.54651  1
2195  285002.000  -2267799.41109  5009331.07228  3220984.54779  1
2195  285003.000  -2267799.41126  5009331.07314  3220984.54887  1
2195  285004.000  -2267799.41073  5009331.07222  3220984.54686  1
2195  285005.000  -2267799.41090  5009331.07354  3220984.54898  1
2195  285008.000  -2267799.41133  5009331.06801  3220984.54521  1
2195  285009.000  -2267799.41079  5009331.06690  3220984.54432  1
2195  285010.000  -2267799.41100  5009331.06949  3220984.54631  1
2195  285012.000  -2267799.41037  5009331.07316  3220984.54851  1
2195  285013.000  -2267799.41060  5009331.07308  3220984.54932  1
2195  285014.000  -2267799.41085  5009331.07384  3220984.54891  1
2195  285015.000  -2267799.41032  5009331.07335  3220984.54770  1
2195  285016.000  -2267799.41019  5009331.07127  3220984.54753  1
2195  285017.000  -2267799.41063  5009331.07210  3220984.54826  1
2195  285018.000  -2267799.41171  5009331.07363  3220984.55019  1
2195  285019.000  -2267799.41011  5009331.07200  3220984.54853  1
2195  285020.000  -2267799.41020  5009331.07397  3220984.54910  1
2195  285021.000  -2267799.41148  5009331.07477  3220984.55200  1
2195  285022.000  -2267799.41149  5009331.07214  3220984.54957  1
2195  285023.000  -2267799.41142  5009331.07344  3220984.54975  1
2195  285024.000  -2267799.41120  5009331.07341  3220984.55006  1
2195  285026.000  -2267799.41176  5009331.07191  3220984.54902  1
2195  285027.000  -2267799.40998  5009331.07206  3220984.54737  1
2195  285028.000  -2267799.41013  5009331.06969  3220984.54577  1
2195  285029.000  -2267799.41015  5009331.07324  3220984.54892  1
2195  285032.000  -2267799.41123  5009331.07156  3220984.54752  1
2195  285033.000  -2267799.41142  5009331.07088  3220984.54749  1
2195  285034.000  -2267799.41047  5009331.07178  3220984.54790  1
2195  285037.000  -2267799.41027  5009331.07292  3220984.54828  1
2195  285038.000  -2267799.41038  5009331.07015  3220984.54546  1
2195  285039.000  -2267799.41032  5009331.06892  3220984.54378  1
2195  285040.000  -2267799.41169  5009331.07052  3220984.54608  1
2195  285041.000  -2267799.41159  5009331.07223  3220984.54800  1
2195  285042.000  -2267799.41182  5009331.07021  3220984.54557  1
2195  285043.000  -2267799.41173  5009331.07199  3220984.54815  1
2195  285044.000  -2267799.41101  5009331.07122  3220984.54803  1
2195  285045.000  -2267799.41009  5009331.06956  3220984.54620  1
2195  285046.000  -2267799.41096  5009331.07637  3220984.55218  1
2195  285048.000  -2267799.41167  5009331.07287  3220984.54888  1
2195  285049.000  -2267799.41147  5009331.07532  3220984.55295  1
2195  285050.000  -2267799.41099  5009331.07462  3220984.55095  1
2195  285051.000  -2267799.41081  5009331.07443  3220984.54960  1
2195  285052.000  -2267799.41046  5009331.07314  3220984.54831  1
2195  285053.000  -2267799.40987  5009331.07344  3220984.54934  1
2195  285054.000  -2267799.40966  5009331.07304  3220984.54993  1
2195  285055.000  -2267799.41014  5009331.07197  3220984.54678  1
2195  285056.000  -2267799.41092  5009331.07235  3220984.54955  1
2195  285057.000  -2267799.41073  5009331.07095  3220984.54772  1
2195  285058.000  -2267799.41093  5009331.07134  3220984.54729  1
2195  285059.000  -2267799.41032  5009331.07214  3220984.54848  1
2195  285060.000  -2267799.41036  5009331.07084  3220984.54671  1
2195  285061.000  -2267799.40991  5009331.06930  3220984.54415  1
2195  285062.000  -2267799.40981  5009331.07070  3220984.54678  1
2195  285065.000  -2267799.41028  5009331.07210  3220984.54815  1
2195  285066.000  -2267799.41115  5009331.07391  3220984.54965  1
2195  285069.000  -2267799.41052  5009331.07283  3220984.54742  1
2195  285070.000  -2267799.41086  5009331.07187  3220984.54686  1
2195  285071.000  -2267799.41025  5009331.07194  3220984.54637  1
2195  285073.000  -2267799.41139  5009331.07003  3220984.54677  1
2195  285074.000  -2267799.40962  5009331.07117  3220984.54752  1
2195  285075.000  -2267799.41033  5009331.06950  3220984.54582  1
2195  285078.000  -2267799.41048  5009331.07439  3220984.54894  1
2195  285079.000  -2267799.41039  5009331.07180  3220984.54707  1
2195  285080.000  -2267799.41058  5009331.07188  3220984.54711  1
2195  285081.000  -2267799.41064  5009331.07154  3220984.54810  1
2195  285087.000  -2267799.41136  5009331.07024  3220984.54619  1
2195  285088.000  -2267799.41119  5009331.07058  3220984.54647  1
2195  285089.000  -2267799.41032  5009331.06972  3220984.54559  1
2195  285090.000  -2267799.41010  5009331.07162  3220984.54759  1
2195  285091.000  -2267799.40978  5009331.07303  3220984.54930  1
2195  285092.000  -2267799.41098  5009331.07434  3220984.55163  1
2195  285093.000  -2267799.41077  5009331.07342  3220984.54842  1
2195  285094.000  -2267799.41063  5009331.07000  3220984.54622  1
2195  285095.000  -2267799.41050  5009331.07044  3220984.54608  1
2195  285096.000  -2267799.41088  5009331.07058  3220984.54693  1
2195  285097.000  -2267799.41139  5009331.06986  3220984.54498  1
2195  285099.000  -2267799.41130  5009331.07262  3220984.54889  1
2195  285100.000  -2267799.41100  5009331.07280  3220984.54967  1
2195  285102.000  -2267799.41003  5009331.07321  3220984.54993  1
2195  285103.000  -2267799.41067  5009331.07159  3220984.54950  1
2195  285104.000  -2267799.41061  5009331.07105  3220984.54796  1
2195  285105.000  -2267799.41092  5009331.07295  3220984.55059  1
2195  285106.000  -2267799.41094  5009331.07216  3220984.54754  1
2195  285107.000  -2267799.41097  5009331.07121  3220984.54806  1
2195  285108.000  -2267799.41002  5009331.07302  3220984.54932  1
2195  285109.000  -2267799.41102  5009331.07144  3220984.54741  1
2195  285110.000  -2267799.41061  5009331.07040  3220984.54651  1
2195  285111.000  -2267799.41129  5009331.07405  3220984.54982  1
2195  285112.000  -2267799.41137  5009331.07364  3220984.55023  1
2195  285113.000  -2267799.41048  5009331.07453  3220984.55060  1
2195  285114.000  -2267799.41050  5009331.07342  3220984.54971  1
2195  285115.000  -2267799.41074  5009331.07387  3220984.55088  1
2195  285116.000  -2267799.41042  5009331.07038  3220984.54612  1
